1
John Doe
5678
1
20
1723415946387

2
Jane Smith
9876
2
19
1745128746387

3
Michael Johnson
3456
3
18
1767831546387

4
Emily Williams
6543
1
17
1790534346387

5
Robert Brown
8765
2
16
1813237146387

6
Amanda Davis
2345
3
15
1835939946387

7
Christopher Lee
7890
1
14
1858642746387

8
Sophia Miller
5432
2
13
1881345546387

9
William Taylor
4321
3
12
1904048346387

10
Olivia Martinez
6547
1
11
1926751146387

11
Daniel Anderson
9870
2
10
1949453946387

12
Isabella Garcia
1234
3
9
1972156746387

13
Matthew Wilson
5678
1
8
1994859546387

14
Emma Jackson
8765
2
7
2017562346387

15
David White
3456
3
6
2040265146387

16
Ava Thompson
7890
1
5
2062967946387

17
Joseph Harris
6543
2
4
2085670746387

18
Mia Lopez
4321
3
3
2108373546387

19
James Hall
9876
1
2
2131076346387

20
Sophie Adams
6547
2
1
2153779146387
